0: 0, 1, 6, 13, 15, 14, 9, 2
1: 2, 9
1: 4, 11
1: 6, 13
1: 4, 11, 14, 15
1: 0, 4, 11, 14, 15
2: 0, 1, 6, 8, 7, 9, 14, 15
3: 0, 1, 6, 8, 7, 13, 14, 15
4: 2, 7, 8, 6, 13
5: 0, 1, 2, 7, 8, 13, 14, 15
5: 0, 2, 7, 8, 13, 15
5: 0, 2, 7, 8, 13, 14, 15
5: 0, 1, 2, 7, 8, 13, 15
6: 0, 1, 2, 7, 8, 13, 14, 15, 9
7: 0, 1, 6, 13
8: 0, 1, 6, 13, 15, 14, 9, 2, 7, 8
9: 2, 0, 1, 6, 7, 8, 13
9: 0, 1, 2, 6, 7, 8, 13, 14, 15
+: 7, 4, 8, 11
x: 10, 5, 3, 12
*: 3, 4, 5, 10, 11, 12
[: 0, 1, 2, 9, 14, 15
]: 0, 1, 6, 13, 15, 14
\int: 14, 11, 4, 1
-: 0, 1
-: 7, 8
-: 14, 15
-: 7, 8, 14, 15
-: 0, 1, 14, 15
-: 0, 1, 7, 8 
-: 0, 1, 7, 8, 14, 15
y: 2, 7, 8, 6, 13, 14, 15
a: 0, 1, 2, 6, 7, 8, 9, 13
d: 7, 8, 6, 13, 9, 14, 15
h: 2, 6, 7, 8, 9, 13
h: 2, 7, 8, 9, 13
z: 0, 1, 5, 10, 14, 15
z: 1, 5, 10, 14, 15
z: 0, 1, 5, 10, 14
z: 0, 1, 5, 14, 15
z: 0, 1, 10, 14, 15